# Created by Octave 4.4.1, Sat Feb 16 11:20:11 2019 GMT <unknown@HimeurRage-PC>
# name: l
# type: matrix
# rows: 1
# columns: 7
 1 2 3 4 5 6 7


